0.3 0.0 1.5999999999999999 0.9999999999999999 1.0
0.4 0.0 1.5999999999999999 0.9999999999999999 1.0
0.8 2.4000000000000004 1.5999999999999999 0.9999999999999998 1.0
2.6999999999999997 4.7 1.5999999999999999 0.9999999999999998 1.0
0.6 3.0000000000000004 1.5999999999999999 0.9999999999999999 1.0
0.0 0.0 0.0 0.0 0.0
0.6 0.0 1.5999999999999999 0.9999999999999999 1.0
0.0 0.0 0.0 0.0 0.0
0.1 0.8 1.5999999999999999 1.0000000000000002 1.0
0.0 0.4 1.5999999999999999 0.9999999999999999 1.0
0.0 2.3 1.5999999999999999 0.9999999999999999 1.0
0.8 0.0 1.5999999999999999 0.9999999999999999 0.0
0.3 1.7000000000000002 1.5999999999999999 1.0000000000000002 1.0
0.6000000000000001 0.0 1.5999999999999999 1.0000000000000002 1.0
1.7999999999999998 2.6999999999999997 1.5999999999999999 0.9999999999999998 1.0
0.4 1.5 1.5999999999999999 0.9999999999999999 1.0
0.0 0.0 1.5999999999999999 0.9999999999999999 0.0
0.0 2.8 1.5999999999999999 0.9999999999999999 1.0
0.6 1.6 1.5999999999999999 1.0000000000000002 1.0
0.8 0.0 1.5999999999999999 0.9999999999999998 1.0
0.6 0.3 1.5999999999999999 0.9999999999999999 1.0
0.0 0.0 1.5999999999999999 0.9999999999999999 1.0
0.0 0.0 0.0 0.0 0.0
0.7999999999999999 0.0 1.5999999999999999 0.9999999999999998 1.0
0.7 0.0 1.5999999999999999 0.9999999999999998 1.0
0.0 0.4 1.5999999999999999 0.9999999999999998 0.0
0.7 5.0 1.5999999999999999 0.9999999999999999 1.0
0.0 0.0 1.5999999999999999 0.9999999999999999 1.0
0.8 0.4 1.5999999999999999 0.9999999999999998 1.0
0.0 2.3 1.5999999999999999 0.9999999999999998 1.0
0.1 0.0 1.5999999999999999 0.9999999999999999 0.0
0.2 0.8999999999999999 1.5999999999999999 0.9999999999999999 1.0
0.8 2.1 1.5999999999999999 0.9999999999999999 1.0
0.1 0.4 1.5999999999999999 0.9999999999999999 1.0
0.0 0.0 1.5999999999999999 1.0000000000000002 1.0
1.3 8.0 1.5999999999999999 0.9999999999999999 1.0
1.3000000000000003 1.7000000000000002 1.5999999999999999 0.9999999999999999 0.0
0.2 3.8000000000000003 1.5999999999999999 0.9999999999999999 1.0
0.0 1.9 1.5999999999999999 0.9999999999999999 1.0
0.6 0.8 1.5999999999999999 0.9999999999999998 1.0
0.6 1.6 1.5999999999999999 1.0000000000000002 0.0
0.0 5.0 1.5999999999999999 0.9999999999999999 1.0
0.7 1.4000000000000001 1.5999999999999999 0.9999999999999998 0.0
0.6 0.0 1.5999999999999999 0.9999999999999998 1.0
0.4 0.2 1.5999999999999999 0.9999999999999999 1.0
0.8 0.8 1.5999999999999999 0.9999999999999999 1.0
1.4000000000000001 2.1 1.5999999999999999 1.0000000000000002 1.0
1.4 5.5 1.5999999999999999 0.9999999999999999 1.0
0.0 0.4 1.5999999999999999 0.9999999999999998 1.0
0.6 0.0 1.5999999999999999 0.9999999999999999 1.0
0.4 0.0 1.5999999999999999 0.9999999999999998 1.0
0.8 1.9 1.5999999999999999 1.0000000000000002 0.0
0.2 0.0 1.5999999999999999 0.9999999999999999 1.0
0.0 0.0 1.5999999999999999 1.0000000000000002 1.0
0.0 0.0 1.5999999999999999 0.9999999999999999 1.0
2.0 3.6 1.5999999999999999 0.9999999999999998 1.0
0.3 2.5 1.5999999999999999 1.0000000000000002 1.0
0.0 0.0 1.5999999999999999 0.9999999999999998 1.0
0.0 0.1 1.5999999999999999 0.9999999999999998 1.0
0.1 0.0 1.5999999999999999 0.9999999999999998 1.0
0.3 0.4 1.5999999999999999 1.0000000000000002 1.0
0.0 0.6 1.5999999999999999 0.9999999999999999 1.0
0.6 0.2 1.5999999999999999 0.9999999999999999 1.0
0.0 1.6 1.5999999999999999 0.9999999999999999 1.0
0.0 0.1 1.5999999999999999 0.9999999999999998 0.0
1.0 0.2 1.5999999999999999 1.0000000000000002 1.0
0.0 0.0 0.0 0.0 0.0
0.0 1.5 1.5999999999999999 1.0000000000000002 1.0
1.7000000000000002 2.7 1.5999999999999999 0.9999999999999999 1.0
0.2 2.7 1.5999999999999999 0.9999999999999999 1.0
0.6000000000000001 2.7 1.5999999999999999 0.9999999999999999 0.0
0.2 3.3000000000000003 1.5999999999999999 0.9999999999999998 1.0
0.2 1.0 1.5999999999999999 0.9999999999999998 1.0
0.0 0.4 1.5999999999999999 0.9999999999999999 1.0
0.0 0.0 0.0 0.0 0.0
0.3 0.0 1.5999999999999999 1.0000000000000002 1.0
0.0 0.6 1.5999999999999999 0.9999999999999998 1.0
